idle | 1 | 2332 | 877 | 2332 877
run 1 200 shared all | 1 | 5152 | 3635 | 5152 3635
run 1 200 per all | 1 | 5136 | 3630 | 5136 3630
spawn 1 200 all | 2 | 7680 | 3871 | 2536 663
run 10 200 shared all | 1 | 10744 | 9227 | 10744 9227
run 10 200 per all | 1 | 10832 | 9330 | 10832 9330
spawn 10 200 all | 11 | 54000 | 11622 | 2532 306
run 110 200 shared all | 1 | 72076 | 70559 | 72076 70559
run 110 200 per all | 1 | 73520 | 72003 | 73520 72003
spawn 110 200 all | 111 | 568520 | 95063 | 2548 229
run 1 2048 shared all | 1 | 8356 | 6843 | 8356 6843
run 1 2048 per all | 1 | 8356 | 6839 | 8356 6839
spawn 1 2048 all | 2 | 10884 | 7083 | 2532 663
run 10 2048 shared all | 1 | 42812 | 41306 | 42812 41306
run 10 2048 per all | 1 | 42928 | 41411 | 42928 41411
spawn 10 2048 all | 11 | 86064 | 43686 | 2532 306
run 110 2048 shared all | 1 | 425100 | 423583 | 425100 423583
run 110 2048 per all | 1 | 426532 | 425019 | 426532 425019
spawn 110 2048 all | 111 | 921264 | 447935 | 2528 225
run 10 200 per lua | 1 | 3980 | 2463 | 3980 2463
run 110 200 per lua | 1 | 13116 | 11599 | 13116 11599
run 10 200 per sql | 1 | 5436 | 3919 | 5436 3919
run 110 200 per sql | 1 | 18972 | 17455 | 18972 17455
run 10 200 per tls | 1 | 2616 | 1161 | 2616 1161
run 110 200 per tls | 1 | 4096 | 2656 | 4096 2656
run 10 200 per conv | 1 | 5980 | 4525 | 5980 4525
run 110 200 per conv | 1 | 40932 | 39477 | 40932 39477
run 10 200 per thread | 1 | 2600 | 1145 | 2600 1145
run 110 200 per thread | 1 | 3724 | 2273 | 3724 2273
run 10 2048 per conv | 1 | 38068 | 36613 | 38068 36613
run 110 2048 per conv | 1 | 393852 | 392397 | 393852 392397
run 10 200 shared tls | 1 | 2480 | 1025 | 2480 1025
run 110 200 shared tls | 1 | 2500 | 1045 | 2500 1045
