idle | 1 | 3120 | 1157 | 3120 1157
run 1 200 shared all | 1 | 5932 | 3914 | 5932 3914
run 1 200 per all | 1 | 5920 | 3887 | 5920 3887
spawn 1 200 all | 2 | 9320 | 4235 | 3364 741
run 10 200 shared all | 1 | 11556 | 9490 | 11556 9490
run 10 200 per all | 1 | 11612 | 9579 | 11612 9579
spawn 10 200 all | 11 | 62764 | 12453 | 3432 377
run 110 200 shared all | 1 | 72484 | 70418 | 72484 70418
run 110 200 per all | 1 | 73896 | 71833 | 73896 71833
spawn 110 200 all | 111 | 657492 | 98084 | 3500 265
run 1 2048 shared all | 1 | 9144 | 7115 | 9144 7115
run 1 2048 per all | 1 | 9072 | 7058 | 9072 7058
spawn 1 2048 all | 2 | 12592 | 7404 | 3448 796
run 10 2048 shared all | 1 | 43556 | 41527 | 43556 41527
run 10 2048 per all | 1 | 43692 | 41633 | 43692 41633
spawn 10 2048 all | 11 | 94924 | 44540 | 3352 365
run 110 2048 shared all | 1 | 425508 | 423494 | 425508 423494
run 110 2048 per all | 1 | 426900 | 424890 | 426900 424890
spawn 110 2048 all | 111 | 1010052 | 450980 | 3460 260
run 10 200 per lua | 1 | 4480 | 2509 | 4480 2509
run 110 200 per lua | 1 | 13604 | 11652 | 13604 11652
run 10 200 per sql | 1 | 6300 | 4341 | 6300 4341
run 110 200 per sql | 1 | 19744 | 17792 | 19744 17792
run 10 200 per tls | 1 | 3472 | 1505 | 3472 1505
run 110 200 per tls | 1 | 4912 | 2919 | 4912 2919
run 10 200 per conv | 1 | 6632 | 4680 | 6632 4680
run 110 200 per conv | 1 | 41636 | 39680 | 41636 39680
run 10 200 per thread | 1 | 3408 | 1401 | 3408 1401
run 110 200 per thread | 1 | 4508 | 2479 | 4508 2479
run 10 2048 per conv | 1 | 38904 | 36948 | 38904 36948
run 110 2048 per conv | 1 | 394568 | 392616 | 394568 392616
run 10 200 shared tls | 1 | 3336 | 1373 | 3336 1373
run 110 200 shared tls | 1 | 3268 | 1301 | 3268 1301
