idle | 1 | 1792 | 1040 | 1792 1040
run 1 200 shared all | 1 | 4352 | 2000 | 4352 2000
run 1 200 per all | 1 | 4352 | 2000 | 4352 2000
spawn 1 200 all | 2 | 6240 | 3088 | 1856 1056
run 10 200 shared all | 1 | 10464 | 7824 | 10464 7824
run 10 200 per all | 1 | 10640 | 8000 | 10640 8000
spawn 10 200 all | 11 | 45600 | 21136 | 1920 1120
run 110 200 shared all | 1 | 70768 | 65536 | 70768 65536
run 110 200 per all | 1 | 73776 | 68608 | 73776 68608
spawn 110 200 all | 111 | 482992 | 221744 | 2016 1216
run 1 2048 shared all | 1 | 7536 | 5184 | 7536 5184
run 1 2048 per all | 1 | 7568 | 5216 | 7568 5216
spawn 1 2048 all | 2 | 9424 | 6272 | 1856 1056
run 10 2048 shared all | 1 | 42464 | 39936 | 42464 39936
run 10 2048 per all | 1 | 42576 | 39936 | 42576 39936
spawn 10 2048 all | 11 | 77888 | 53424 | 1904 1104
run 110 2048 shared all | 1 | 421040 | 415744 | 421040 415744
run 110 2048 per all | 1 | 424240 | 418816 | 424240 418816
spawn 110 2048 all | 111 | 837520 | 576256 | 2000 1200
run 10 200 per lua | 1 | 3488 | 2336 | 3488 2336
run 110 200 per lua | 1 | 12672 | 11264 | 12672 11264
run 10 200 per sql | 1 | 4688 | 2432 | 4688 2432
run 110 200 per sql | 1 | 19152 | 13312 | 19152 13312
run 10 200 per tls | 1 | 2192 | 1360 | 2192 1360
run 110 200 per tls | 1 | 5024 | 4192 | 5024 4192
run 10 200 per conv | 1 | 5504 | 4720 | 5504 4720
run 110 200 per conv | 1 | 40160 | 38912 | 40160 38912
run 10 200 per thread | 1 | 2048 | 1280 | 2048 1280
run 110 200 per thread | 1 | 4112 | 3473 | 4112 3473
run 10 2048 per conv | 1 | 37312 | 36864 | 37312 36864
run 110 2048 per conv | 1 | 389648 | 389120 | 389648 389120
run 10 200 shared tls | 1 | 1920 | 1088 | 1920 1088
run 110 200 shared tls | 1 | 1984 | 1152 | 1984 1152
